{
 "cells": [
  {
   "cell_type": "code",
   "execution_count": 60,
   "metadata": {},
   "outputs": [],
   "source": [
    "#%pip install numpy==1.19.5\n",
    "#%pip install scipy==1.10.1\n",
    "#%pip install scikit-learn\n",
    "#%pip install pandas==1.4.4\n",
    "#%pip install contourpy==1.1.1\n",
    "#%pip install matplotlib==3.6\n",
    "#%pip install keras==2.5.0rc0 tensorflow==2.5.0"
   ]
  },
  {
   "cell_type": "code",
   "execution_count": 61,
   "metadata": {},
   "outputs": [],
   "source": [
    "import tensorflow as tf\n",
    "from tensorflow import keras\n",
    "from tensorflow.keras import layers"
   ]
  },
  {
   "cell_type": "code",
   "execution_count": 62,
   "metadata": {},
   "outputs": [],
   "source": [
    "import numpy as np\n",
    "import sklearn\n",
    "import pandas as pd"
   ]
  },
  {
   "cell_type": "code",
   "execution_count": 63,
   "metadata": {},
   "outputs": [
    {
     "name": "stdout",
     "output_type": "stream",
     "text": [
      "2.9.1\n",
      "2.9.0\n"
     ]
    }
   ],
   "source": [
    "print(tf.__version__)\n",
    "print(keras.__version__)"
   ]
  },
  {
   "cell_type": "code",
   "execution_count": 64,
   "metadata": {},
   "outputs": [],
   "source": [
    "import pandas as pd"
   ]
  },
  {
   "cell_type": "code",
   "execution_count": 65,
   "metadata": {},
   "outputs": [],
   "source": [
    "training_data = pd.read_csv('as1-bank.csv')"
   ]
  },
  {
   "cell_type": "code",
   "execution_count": 66,
   "metadata": {},
   "outputs": [
    {
     "data": {
      "text/html": [
       "<div>\n",
       "<style scoped>\n",
       "    .dataframe tbody tr th:only-of-type {\n",
       "        vertical-align: middle;\n",
       "    }\n",
       "\n",
       "    .dataframe tbody tr th {\n",
       "        vertical-align: top;\n",
       "    }\n",
       "\n",
       "    .dataframe thead th {\n",
       "        text-align: right;\n",
       "    }\n",
       "</style>\n",
       "<table border=\"1\" class=\"dataframe\">\n",
       "  <thead>\n",
       "    <tr style=\"text-align: right;\">\n",
       "      <th></th>\n",
       "      <th>age</th>\n",
       "      <th>marital</th>\n",
       "      <th>education</th>\n",
       "      <th>default</th>\n",
       "      <th>balance</th>\n",
       "      <th>housing</th>\n",
       "      <th>loan</th>\n",
       "      <th>contact</th>\n",
       "      <th>duration</th>\n",
       "      <th>campaign</th>\n",
       "      <th>pdays</th>\n",
       "      <th>previous</th>\n",
       "      <th>poutcome</th>\n",
       "      <th>y</th>\n",
       "    </tr>\n",
       "  </thead>\n",
       "  <tbody>\n",
       "    <tr>\n",
       "      <th>0</th>\n",
       "      <td>33</td>\n",
       "      <td>1</td>\n",
       "      <td>2</td>\n",
       "      <td>no</td>\n",
       "      <td>882</td>\n",
       "      <td>no</td>\n",
       "      <td>no</td>\n",
       "      <td>1</td>\n",
       "      <td>39</td>\n",
       "      <td>1</td>\n",
       "      <td>151</td>\n",
       "      <td>3</td>\n",
       "      <td>0</td>\n",
       "      <td>no</td>\n",
       "    </tr>\n",
       "    <tr>\n",
       "      <th>1</th>\n",
       "      <td>42</td>\n",
       "      <td>0</td>\n",
       "      <td>1</td>\n",
       "      <td>no</td>\n",
       "      <td>-247</td>\n",
       "      <td>yes</td>\n",
       "      <td>yes</td>\n",
       "      <td>1</td>\n",
       "      <td>519</td>\n",
       "      <td>1</td>\n",
       "      <td>166</td>\n",
       "      <td>1</td>\n",
       "      <td>2</td>\n",
       "      <td>yes</td>\n",
       "    </tr>\n",
       "    <tr>\n",
       "      <th>2</th>\n",
       "      <td>33</td>\n",
       "      <td>1</td>\n",
       "      <td>1</td>\n",
       "      <td>no</td>\n",
       "      <td>3444</td>\n",
       "      <td>yes</td>\n",
       "      <td>no</td>\n",
       "      <td>1</td>\n",
       "      <td>144</td>\n",
       "      <td>1</td>\n",
       "      <td>91</td>\n",
       "      <td>4</td>\n",
       "      <td>0</td>\n",
       "      <td>yes</td>\n",
       "    </tr>\n",
       "    <tr>\n",
       "      <th>3</th>\n",
       "      <td>36</td>\n",
       "      <td>1</td>\n",
       "      <td>2</td>\n",
       "      <td>no</td>\n",
       "      <td>2415</td>\n",
       "      <td>yes</td>\n",
       "      <td>no</td>\n",
       "      <td>1</td>\n",
       "      <td>73</td>\n",
       "      <td>1</td>\n",
       "      <td>86</td>\n",
       "      <td>4</td>\n",
       "      <td>2</td>\n",
       "      <td>no</td>\n",
       "    </tr>\n",
       "    <tr>\n",
       "      <th>4</th>\n",
       "      <td>36</td>\n",
       "      <td>1</td>\n",
       "      <td>2</td>\n",
       "      <td>no</td>\n",
       "      <td>0</td>\n",
       "      <td>yes</td>\n",
       "      <td>no</td>\n",
       "      <td>1</td>\n",
       "      <td>140</td>\n",
       "      <td>1</td>\n",
       "      <td>143</td>\n",
       "      <td>3</td>\n",
       "      <td>0</td>\n",
       "      <td>yes</td>\n",
       "    </tr>\n",
       "    <tr>\n",
       "      <th>...</th>\n",
       "      <td>...</td>\n",
       "      <td>...</td>\n",
       "      <td>...</td>\n",
       "      <td>...</td>\n",
       "      <td>...</td>\n",
       "      <td>...</td>\n",
       "      <td>...</td>\n",
       "      <td>...</td>\n",
       "      <td>...</td>\n",
       "      <td>...</td>\n",
       "      <td>...</td>\n",
       "      <td>...</td>\n",
       "      <td>...</td>\n",
       "      <td>...</td>\n",
       "    </tr>\n",
       "    <tr>\n",
       "      <th>7837</th>\n",
       "      <td>34</td>\n",
       "      <td>0</td>\n",
       "      <td>1</td>\n",
       "      <td>no</td>\n",
       "      <td>1475</td>\n",
       "      <td>yes</td>\n",
       "      <td>no</td>\n",
       "      <td>0</td>\n",
       "      <td>1166</td>\n",
       "      <td>3</td>\n",
       "      <td>530</td>\n",
       "      <td>12</td>\n",
       "      <td>2</td>\n",
       "      <td>no</td>\n",
       "    </tr>\n",
       "    <tr>\n",
       "      <th>7838</th>\n",
       "      <td>53</td>\n",
       "      <td>1</td>\n",
       "      <td>2</td>\n",
       "      <td>no</td>\n",
       "      <td>583</td>\n",
       "      <td>no</td>\n",
       "      <td>no</td>\n",
       "      <td>0</td>\n",
       "      <td>226</td>\n",
       "      <td>1</td>\n",
       "      <td>184</td>\n",
       "      <td>4</td>\n",
       "      <td>1</td>\n",
       "      <td>yes</td>\n",
       "    </tr>\n",
       "    <tr>\n",
       "      <th>7839</th>\n",
       "      <td>73</td>\n",
       "      <td>1</td>\n",
       "      <td>1</td>\n",
       "      <td>no</td>\n",
       "      <td>2850</td>\n",
       "      <td>no</td>\n",
       "      <td>no</td>\n",
       "      <td>0</td>\n",
       "      <td>300</td>\n",
       "      <td>1</td>\n",
       "      <td>40</td>\n",
       "      <td>8</td>\n",
       "      <td>0</td>\n",
       "      <td>yes</td>\n",
       "    </tr>\n",
       "    <tr>\n",
       "      <th>7840</th>\n",
       "      <td>72</td>\n",
       "      <td>1</td>\n",
       "      <td>1</td>\n",
       "      <td>no</td>\n",
       "      <td>5715</td>\n",
       "      <td>no</td>\n",
       "      <td>no</td>\n",
       "      <td>0</td>\n",
       "      <td>1127</td>\n",
       "      <td>5</td>\n",
       "      <td>184</td>\n",
       "      <td>3</td>\n",
       "      <td>1</td>\n",
       "      <td>yes</td>\n",
       "    </tr>\n",
       "    <tr>\n",
       "      <th>7841</th>\n",
       "      <td>37</td>\n",
       "      <td>1</td>\n",
       "      <td>1</td>\n",
       "      <td>no</td>\n",
       "      <td>2971</td>\n",
       "      <td>no</td>\n",
       "      <td>no</td>\n",
       "      <td>0</td>\n",
       "      <td>361</td>\n",
       "      <td>2</td>\n",
       "      <td>188</td>\n",
       "      <td>11</td>\n",
       "      <td>2</td>\n",
       "      <td>no</td>\n",
       "    </tr>\n",
       "  </tbody>\n",
       "</table>\n",
       "<p>7842 rows × 14 columns</p>\n",
       "</div>"
      ],
      "text/plain": [
       "      age  marital  education default  balance housing loan  contact  \\\n",
       "0      33        1          2      no      882      no   no        1   \n",
       "1      42        0          1      no     -247     yes  yes        1   \n",
       "2      33        1          1      no     3444     yes   no        1   \n",
       "3      36        1          2      no     2415     yes   no        1   \n",
       "4      36        1          2      no        0     yes   no        1   \n",
       "...   ...      ...        ...     ...      ...     ...  ...      ...   \n",
       "7837   34        0          1      no     1475     yes   no        0   \n",
       "7838   53        1          2      no      583      no   no        0   \n",
       "7839   73        1          1      no     2850      no   no        0   \n",
       "7840   72        1          1      no     5715      no   no        0   \n",
       "7841   37        1          1      no     2971      no   no        0   \n",
       "\n",
       "      duration  campaign  pdays  previous  poutcome    y  \n",
       "0           39         1    151         3         0   no  \n",
       "1          519         1    166         1         2  yes  \n",
       "2          144         1     91         4         0  yes  \n",
       "3           73         1     86         4         2   no  \n",
       "4          140         1    143         3         0  yes  \n",
       "...        ...       ...    ...       ...       ...  ...  \n",
       "7837      1166         3    530        12         2   no  \n",
       "7838       226         1    184         4         1  yes  \n",
       "7839       300         1     40         8         0  yes  \n",
       "7840      1127         5    184         3         1  yes  \n",
       "7841       361         2    188        11         2   no  \n",
       "\n",
       "[7842 rows x 14 columns]"
      ]
     },
     "execution_count": 66,
     "metadata": {},
     "output_type": "execute_result"
    }
   ],
   "source": [
    "training_data"
   ]
  },
  {
   "cell_type": "code",
   "execution_count": 67,
   "metadata": {},
   "outputs": [
    {
     "name": "stderr",
     "output_type": "stream",
     "text": [
      "C:\\Users\\avitr\\AppData\\Local\\Temp\\ipykernel_22448\\1015853388.py:3: FutureWarning: Downcasting behavior in `replace` is deprecated and will be removed in a future version. To retain the old behavior, explicitly call `result.infer_objects(copy=False)`. To opt-in to the future behavior, set `pd.set_option('future.no_silent_downcasting', True)`\n",
      "  training_y.replace(\"no\", 0, inplace=True)\n"
     ]
    }
   ],
   "source": [
    "training_y = training_data.pop('y')\n",
    "training_y.replace(\"yes\", 1, inplace=True)\n",
    "training_y.replace(\"no\", 0, inplace=True)\n",
    "training_x = training_data"
   ]
  },
  {
   "cell_type": "code",
   "execution_count": 68,
   "metadata": {},
   "outputs": [
    {
     "data": {
      "text/plain": [
       "y\n",
       "0    6056\n",
       "1    1786\n",
       "Name: count, dtype: int64"
      ]
     },
     "execution_count": 68,
     "metadata": {},
     "output_type": "execute_result"
    }
   ],
   "source": [
    "training_y.value_counts()"
   ]
  },
  {
   "cell_type": "code",
   "execution_count": 69,
   "metadata": {},
   "outputs": [],
   "source": [
    "training_x = pd.get_dummies(training_x)"
   ]
  },
  {
   "cell_type": "code",
   "execution_count": 70,
   "metadata": {},
   "outputs": [],
   "source": [
    "#%pip install category_encoders"
   ]
  },
  {
   "cell_type": "code",
   "execution_count": 71,
   "metadata": {},
   "outputs": [],
   "source": [
    "#from category_encoders import BinaryEncoder\n",
    "\n",
    "#categorical_columns = [\"default\",\"housing\", \"loan\"]\n",
    "\n",
    "#encoder = BinaryEncoder(cols=categorical_columns)\n",
    "#training_x = encoder.fit_transform(training_x)"
   ]
  },
  {
   "cell_type": "code",
   "execution_count": 72,
   "metadata": {},
   "outputs": [
    {
     "data": {
      "text/html": [
       "<div>\n",
       "<style scoped>\n",
       "    .dataframe tbody tr th:only-of-type {\n",
       "        vertical-align: middle;\n",
       "    }\n",
       "\n",
       "    .dataframe tbody tr th {\n",
       "        vertical-align: top;\n",
       "    }\n",
       "\n",
       "    .dataframe thead th {\n",
       "        text-align: right;\n",
       "    }\n",
       "</style>\n",
       "<table border=\"1\" class=\"dataframe\">\n",
       "  <thead>\n",
       "    <tr style=\"text-align: right;\">\n",
       "      <th></th>\n",
       "      <th>age</th>\n",
       "      <th>marital</th>\n",
       "      <th>education</th>\n",
       "      <th>balance</th>\n",
       "      <th>contact</th>\n",
       "      <th>duration</th>\n",
       "      <th>campaign</th>\n",
       "      <th>pdays</th>\n",
       "      <th>previous</th>\n",
       "      <th>poutcome</th>\n",
       "      <th>default_no</th>\n",
       "      <th>default_yes</th>\n",
       "      <th>housing_no</th>\n",
       "      <th>housing_yes</th>\n",
       "      <th>loan_no</th>\n",
       "      <th>loan_yes</th>\n",
       "    </tr>\n",
       "  </thead>\n",
       "  <tbody>\n",
       "    <tr>\n",
       "      <th>0</th>\n",
       "      <td>33</td>\n",
       "      <td>1</td>\n",
       "      <td>2</td>\n",
       "      <td>882</td>\n",
       "      <td>1</td>\n",
       "      <td>39</td>\n",
       "      <td>1</td>\n",
       "      <td>151</td>\n",
       "      <td>3</td>\n",
       "      <td>0</td>\n",
       "      <td>True</td>\n",
       "      <td>False</td>\n",
       "      <td>True</td>\n",
       "      <td>False</td>\n",
       "      <td>True</td>\n",
       "      <td>False</td>\n",
       "    </tr>\n",
       "    <tr>\n",
       "      <th>1</th>\n",
       "      <td>42</td>\n",
       "      <td>0</td>\n",
       "      <td>1</td>\n",
       "      <td>-247</td>\n",
       "      <td>1</td>\n",
       "      <td>519</td>\n",
       "      <td>1</td>\n",
       "      <td>166</td>\n",
       "      <td>1</td>\n",
       "      <td>2</td>\n",
       "      <td>True</td>\n",
       "      <td>False</td>\n",
       "      <td>False</td>\n",
       "      <td>True</td>\n",
       "      <td>False</td>\n",
       "      <td>True</td>\n",
       "    </tr>\n",
       "    <tr>\n",
       "      <th>2</th>\n",
       "      <td>33</td>\n",
       "      <td>1</td>\n",
       "      <td>1</td>\n",
       "      <td>3444</td>\n",
       "      <td>1</td>\n",
       "      <td>144</td>\n",
       "      <td>1</td>\n",
       "      <td>91</td>\n",
       "      <td>4</td>\n",
       "      <td>0</td>\n",
       "      <td>True</td>\n",
       "      <td>False</td>\n",
       "      <td>False</td>\n",
       "      <td>True</td>\n",
       "      <td>True</td>\n",
       "      <td>False</td>\n",
       "    </tr>\n",
       "    <tr>\n",
       "      <th>3</th>\n",
       "      <td>36</td>\n",
       "      <td>1</td>\n",
       "      <td>2</td>\n",
       "      <td>2415</td>\n",
       "      <td>1</td>\n",
       "      <td>73</td>\n",
       "      <td>1</td>\n",
       "      <td>86</td>\n",
       "      <td>4</td>\n",
       "      <td>2</td>\n",
       "      <td>True</td>\n",
       "      <td>False</td>\n",
       "      <td>False</td>\n",
       "      <td>True</td>\n",
       "      <td>True</td>\n",
       "      <td>False</td>\n",
       "    </tr>\n",
       "    <tr>\n",
       "      <th>4</th>\n",
       "      <td>36</td>\n",
       "      <td>1</td>\n",
       "      <td>2</td>\n",
       "      <td>0</td>\n",
       "      <td>1</td>\n",
       "      <td>140</td>\n",
       "      <td>1</td>\n",
       "      <td>143</td>\n",
       "      <td>3</td>\n",
       "      <td>0</td>\n",
       "      <td>True</td>\n",
       "      <td>False</td>\n",
       "      <td>False</td>\n",
       "      <td>True</td>\n",
       "      <td>True</td>\n",
       "      <td>False</td>\n",
       "    </tr>\n",
       "    <tr>\n",
       "      <th>...</th>\n",
       "      <td>...</td>\n",
       "      <td>...</td>\n",
       "      <td>...</td>\n",
       "      <td>...</td>\n",
       "      <td>...</td>\n",
       "      <td>...</td>\n",
       "      <td>...</td>\n",
       "      <td>...</td>\n",
       "      <td>...</td>\n",
       "      <td>...</td>\n",
       "      <td>...</td>\n",
       "      <td>...</td>\n",
       "      <td>...</td>\n",
       "      <td>...</td>\n",
       "      <td>...</td>\n",
       "      <td>...</td>\n",
       "    </tr>\n",
       "    <tr>\n",
       "      <th>7837</th>\n",
       "      <td>34</td>\n",
       "      <td>0</td>\n",
       "      <td>1</td>\n",
       "      <td>1475</td>\n",
       "      <td>0</td>\n",
       "      <td>1166</td>\n",
       "      <td>3</td>\n",
       "      <td>530</td>\n",
       "      <td>12</td>\n",
       "      <td>2</td>\n",
       "      <td>True</td>\n",
       "      <td>False</td>\n",
       "      <td>False</td>\n",
       "      <td>True</td>\n",
       "      <td>True</td>\n",
       "      <td>False</td>\n",
       "    </tr>\n",
       "    <tr>\n",
       "      <th>7838</th>\n",
       "      <td>53</td>\n",
       "      <td>1</td>\n",
       "      <td>2</td>\n",
       "      <td>583</td>\n",
       "      <td>0</td>\n",
       "      <td>226</td>\n",
       "      <td>1</td>\n",
       "      <td>184</td>\n",
       "      <td>4</td>\n",
       "      <td>1</td>\n",
       "      <td>True</td>\n",
       "      <td>False</td>\n",
       "      <td>True</td>\n",
       "      <td>False</td>\n",
       "      <td>True</td>\n",
       "      <td>False</td>\n",
       "    </tr>\n",
       "    <tr>\n",
       "      <th>7839</th>\n",
       "      <td>73</td>\n",
       "      <td>1</td>\n",
       "      <td>1</td>\n",
       "      <td>2850</td>\n",
       "      <td>0</td>\n",
       "      <td>300</td>\n",
       "      <td>1</td>\n",
       "      <td>40</td>\n",
       "      <td>8</td>\n",
       "      <td>0</td>\n",
       "      <td>True</td>\n",
       "      <td>False</td>\n",
       "      <td>True</td>\n",
       "      <td>False</td>\n",
       "      <td>True</td>\n",
       "      <td>False</td>\n",
       "    </tr>\n",
       "    <tr>\n",
       "      <th>7840</th>\n",
       "      <td>72</td>\n",
       "      <td>1</td>\n",
       "      <td>1</td>\n",
       "      <td>5715</td>\n",
       "      <td>0</td>\n",
       "      <td>1127</td>\n",
       "      <td>5</td>\n",
       "      <td>184</td>\n",
       "      <td>3</td>\n",
       "      <td>1</td>\n",
       "      <td>True</td>\n",
       "      <td>False</td>\n",
       "      <td>True</td>\n",
       "      <td>False</td>\n",
       "      <td>True</td>\n",
       "      <td>False</td>\n",
       "    </tr>\n",
       "    <tr>\n",
       "      <th>7841</th>\n",
       "      <td>37</td>\n",
       "      <td>1</td>\n",
       "      <td>1</td>\n",
       "      <td>2971</td>\n",
       "      <td>0</td>\n",
       "      <td>361</td>\n",
       "      <td>2</td>\n",
       "      <td>188</td>\n",
       "      <td>11</td>\n",
       "      <td>2</td>\n",
       "      <td>True</td>\n",
       "      <td>False</td>\n",
       "      <td>True</td>\n",
       "      <td>False</td>\n",
       "      <td>True</td>\n",
       "      <td>False</td>\n",
       "    </tr>\n",
       "  </tbody>\n",
       "</table>\n",
       "<p>7842 rows × 16 columns</p>\n",
       "</div>"
      ],
      "text/plain": [
       "      age  marital  education  balance  contact  duration  campaign  pdays  \\\n",
       "0      33        1          2      882        1        39         1    151   \n",
       "1      42        0          1     -247        1       519         1    166   \n",
       "2      33        1          1     3444        1       144         1     91   \n",
       "3      36        1          2     2415        1        73         1     86   \n",
       "4      36        1          2        0        1       140         1    143   \n",
       "...   ...      ...        ...      ...      ...       ...       ...    ...   \n",
       "7837   34        0          1     1475        0      1166         3    530   \n",
       "7838   53        1          2      583        0       226         1    184   \n",
       "7839   73        1          1     2850        0       300         1     40   \n",
       "7840   72        1          1     5715        0      1127         5    184   \n",
       "7841   37        1          1     2971        0       361         2    188   \n",
       "\n",
       "      previous  poutcome  default_no  default_yes  housing_no  housing_yes  \\\n",
       "0            3         0        True        False        True        False   \n",
       "1            1         2        True        False       False         True   \n",
       "2            4         0        True        False       False         True   \n",
       "3            4         2        True        False       False         True   \n",
       "4            3         0        True        False       False         True   \n",
       "...        ...       ...         ...          ...         ...          ...   \n",
       "7837        12         2        True        False       False         True   \n",
       "7838         4         1        True        False        True        False   \n",
       "7839         8         0        True        False        True        False   \n",
       "7840         3         1        True        False        True        False   \n",
       "7841        11         2        True        False        True        False   \n",
       "\n",
       "      loan_no  loan_yes  \n",
       "0        True     False  \n",
       "1       False      True  \n",
       "2        True     False  \n",
       "3        True     False  \n",
       "4        True     False  \n",
       "...       ...       ...  \n",
       "7837     True     False  \n",
       "7838     True     False  \n",
       "7839     True     False  \n",
       "7840     True     False  \n",
       "7841     True     False  \n",
       "\n",
       "[7842 rows x 16 columns]"
      ]
     },
     "execution_count": 72,
     "metadata": {},
     "output_type": "execute_result"
    }
   ],
   "source": [
    "training_x"
   ]
  },
  {
   "cell_type": "code",
   "execution_count": 73,
   "metadata": {},
   "outputs": [],
   "source": [
    "arr_train_x = training_x.to_numpy()\n",
    "arr_train_y = training_y.to_numpy()"
   ]
  },
  {
   "cell_type": "code",
   "execution_count": 74,
   "metadata": {},
   "outputs": [
    {
     "name": "stdout",
     "output_type": "stream",
     "text": [
      "(7842, 16)\n",
      "(7842,)\n"
     ]
    }
   ],
   "source": [
    "print(arr_train_x.shape)\n",
    "print(arr_train_y.shape)"
   ]
  },
  {
   "cell_type": "code",
   "execution_count": 75,
   "metadata": {},
   "outputs": [
    {
     "data": {
      "text/plain": [
       "dtype('O')"
      ]
     },
     "execution_count": 75,
     "metadata": {},
     "output_type": "execute_result"
    }
   ],
   "source": [
    "arr_train_x.dtype"
   ]
  },
  {
   "cell_type": "code",
   "execution_count": 76,
   "metadata": {},
   "outputs": [],
   "source": [
    "arr_train_x = arr_train_x.astype(int)"
   ]
  },
  {
   "cell_type": "code",
   "execution_count": 77,
   "metadata": {},
   "outputs": [
    {
     "name": "stdout",
     "output_type": "stream",
     "text": [
      "[[ 1.00000000e+00  4.14199568e-01 -1.80316595e-01  1.17282612e-01\n",
      "   1.90544858e-01  5.89020045e-02  7.35720702e-04 -1.06095306e-01\n",
      "   3.39606397e-03 -1.97886497e-02  2.68322609e-02 -2.68322609e-02\n",
      "   1.86923847e-01 -1.86923847e-01  4.43265433e-03 -4.43265433e-03]\n",
      " [ 4.14199568e-01  1.00000000e+00 -1.36804068e-01  2.25149087e-02\n",
      "   2.17882693e-02  7.14165401e-03  7.43160656e-03  6.62740050e-03\n",
      "  -4.37036098e-03 -3.78876363e-02 -2.90028573e-03  2.90028573e-03\n",
      "  -5.08072929e-02  5.08072929e-02 -5.61433819e-02  5.61433819e-02]\n",
      " [-1.80316595e-01 -1.36804068e-01  1.00000000e+00  7.93080301e-02\n",
      "  -9.78062355e-02 -3.05495520e-03 -2.70956534e-02 -1.60156777e-01\n",
      "   9.88264566e-03  1.48603466e-02  1.06660297e-02 -1.06660297e-02\n",
      "   1.16913504e-01 -1.16913504e-01  3.07096433e-02 -3.07096433e-02]\n",
      " [ 1.17282612e-01  2.25149087e-02  7.93080301e-02  1.00000000e+00\n",
      "   4.62589922e-02  4.05501473e-02 -1.18735782e-02 -1.01847337e-01\n",
      "   1.70823043e-03  1.60099042e-02  4.52156993e-02 -4.52156993e-02\n",
      "   1.09378217e-01 -1.09378217e-01  8.35838175e-02 -8.35838175e-02]\n",
      " [ 1.90544858e-01  2.17882693e-02 -9.78062355e-02  4.62589922e-02\n",
      "   1.00000000e+00 -3.48097694e-03  1.09836285e-01 -1.27903366e-02\n",
      "   4.20977359e-02  4.03060303e-02  1.83149389e-02 -1.83149389e-02\n",
      "   7.80808724e-02 -7.80808724e-02  3.54205673e-02 -3.54205673e-02]\n",
      " [ 5.89020045e-02  7.14165401e-03 -3.05495520e-03  4.05501473e-02\n",
      "  -3.48097694e-03  1.00000000e+00 -9.43479852e-02 -9.57098796e-03\n",
      "  -1.77571854e-03  4.92171113e-02  6.05464654e-03 -6.05464654e-03\n",
      "   7.21148398e-02 -7.21148398e-02  3.49202301e-02 -3.49202301e-02]\n",
      " [ 7.35720702e-04  7.43160656e-03 -2.70956534e-02 -1.18735782e-02\n",
      "   1.09836285e-01 -9.43479852e-02  1.00000000e+00  6.35295859e-02\n",
      "   1.37043932e-01  1.07633749e-01  2.51347380e-03 -2.51347380e-03\n",
      "  -6.16312871e-02  6.16312871e-02 -8.47959295e-03  8.47959295e-03]\n",
      " [-1.06095306e-01  6.62740050e-03 -1.60156777e-01 -1.01847337e-01\n",
      "  -1.27903366e-02 -9.57098796e-03  6.35295859e-02  1.00000000e+00\n",
      "  -2.67082151e-02 -9.92843409e-02 -3.56432284e-02  3.56432284e-02\n",
      "  -3.49770831e-01  3.49770831e-01 -1.48613420e-02  1.48613420e-02]\n",
      " [ 3.39606397e-03 -4.37036098e-03  9.88264566e-03  1.70823043e-03\n",
      "   4.20977359e-02 -1.77571854e-03  1.37043932e-01 -2.67082151e-02\n",
      "   1.00000000e+00  9.17692324e-02 -1.26964124e-02  1.26964124e-02\n",
      "  -7.92158347e-03  7.92158347e-03 -1.41731864e-02  1.41731864e-02]\n",
      " [-1.97886497e-02 -3.78876363e-02  1.48603466e-02  1.60099042e-02\n",
      "   4.03060303e-02  4.92171113e-02  1.07633749e-01 -9.92843409e-02\n",
      "   9.17692324e-02  1.00000000e+00  1.99015328e-03 -1.99015328e-03\n",
      "   1.14060191e-01 -1.14060191e-01  4.07988641e-02 -4.07988641e-02]\n",
      " [ 2.68322609e-02 -2.90028573e-03  1.06660297e-02  4.52156993e-02\n",
      "   1.83149389e-02  6.05464654e-03  2.51347380e-03 -3.56432284e-02\n",
      "  -1.26964124e-02  1.99015328e-03  1.00000000e+00 -1.00000000e+00\n",
      "   2.10466621e-02 -2.10466621e-02  4.91516647e-02 -4.91516647e-02]\n",
      " [-2.68322609e-02  2.90028573e-03 -1.06660297e-02 -4.52156993e-02\n",
      "  -1.83149389e-02 -6.05464654e-03 -2.51347380e-03  3.56432284e-02\n",
      "   1.26964124e-02 -1.99015328e-03 -1.00000000e+00  1.00000000e+00\n",
      "  -2.10466621e-02  2.10466621e-02 -4.91516647e-02  4.91516647e-02]\n",
      " [ 1.86923847e-01 -5.08072929e-02  1.16913504e-01  1.09378217e-01\n",
      "   7.80808724e-02  7.21148398e-02 -6.16312871e-02 -3.49770831e-01\n",
      "  -7.92158347e-03  1.14060191e-01  2.10466621e-02 -2.10466621e-02\n",
      "   1.00000000e+00 -1.00000000e+00  1.04432086e-01 -1.04432086e-01]\n",
      " [-1.86923847e-01  5.08072929e-02 -1.16913504e-01 -1.09378217e-01\n",
      "  -7.80808724e-02 -7.21148398e-02  6.16312871e-02  3.49770831e-01\n",
      "   7.92158347e-03 -1.14060191e-01 -2.10466621e-02  2.10466621e-02\n",
      "  -1.00000000e+00  1.00000000e+00 -1.04432086e-01  1.04432086e-01]\n",
      " [ 4.43265433e-03 -5.61433819e-02  3.07096433e-02  8.35838175e-02\n",
      "   3.54205673e-02  3.49202301e-02 -8.47959295e-03 -1.48613420e-02\n",
      "  -1.41731864e-02  4.07988641e-02  4.91516647e-02 -4.91516647e-02\n",
      "   1.04432086e-01 -1.04432086e-01  1.00000000e+00 -1.00000000e+00]\n",
      " [-4.43265433e-03  5.61433819e-02 -3.07096433e-02 -8.35838175e-02\n",
      "  -3.54205673e-02 -3.49202301e-02  8.47959295e-03  1.48613420e-02\n",
      "   1.41731864e-02 -4.07988641e-02 -4.91516647e-02  4.91516647e-02\n",
      "  -1.04432086e-01  1.04432086e-01 -1.00000000e+00  1.00000000e+00]]\n"
     ]
    }
   ],
   "source": [
    "correlation_matrix = np.corrcoef(arr_train_x, rowvar=False)\n",
    "print(correlation_matrix)"
   ]
  },
  {
   "cell_type": "code",
   "execution_count": 78,
   "metadata": {},
   "outputs": [
    {
     "name": "stdout",
     "output_type": "stream",
     "text": [
      "[1, 11, 12, 13, 15]\n"
     ]
    }
   ],
   "source": [
    "threshold = 0.3\n",
    "num_features = correlation_matrix.shape[0]\n",
    "features_to_remove = set()\n",
    "\n",
    "for i in range(num_features):\n",
    "    for j in range(i+1, num_features):\n",
    "        if abs(correlation_matrix[i, j]) > threshold:\n",
    "            features_to_remove.add(j)\n",
    "\n",
    "features_to_remove = list(features_to_remove)\n",
    "print(features_to_remove)\n"
   ]
  },
  {
   "cell_type": "code",
   "execution_count": 79,
   "metadata": {},
   "outputs": [
    {
     "name": "stdout",
     "output_type": "stream",
     "text": [
      "[[  33    2  882 ...    0    1    1]\n",
      " [  42    1 -247 ...    2    1    0]\n",
      " [  33    1 3444 ...    0    1    1]\n",
      " ...\n",
      " [  73    1 2850 ...    0    1    1]\n",
      " [  72    1 5715 ...    1    1    1]\n",
      " [  37    1 2971 ...    2    1    1]]\n"
     ]
    }
   ],
   "source": [
    "reduced_data = np.delete(arr_train_x, features_to_remove, axis=1)\n",
    "print(reduced_data)"
   ]
  },
  {
   "cell_type": "code",
   "execution_count": 80,
   "metadata": {},
   "outputs": [
    {
     "name": "stdout",
     "output_type": "stream",
     "text": [
      "(6273, 11)\n",
      "(1569, 11)\n"
     ]
    }
   ],
   "source": [
    "from sklearn.model_selection import train_test_split\n",
    "\n",
    "# Train_test_split\n",
    "\n",
    "X_train, X_test, Y_train, Y_test = train_test_split(\n",
    "    reduced_data, arr_train_y, test_size=0.2, random_state=2, shuffle=True)\n",
    "\n",
    "print(X_train.shape)\n",
    "print(X_test.shape)"
   ]
  },
  {
   "cell_type": "code",
   "execution_count": 81,
   "metadata": {},
   "outputs": [
    {
     "name": "stdout",
     "output_type": "stream",
     "text": [
      "Model: \"sequential_2\"\n",
      "_________________________________________________________________\n",
      " Layer (type)                Output Shape              Param #   \n",
      "=================================================================\n",
      " dense_8 (Dense)             (None, 64)                768       \n",
      "                                                                 \n",
      " batch_normalization_6 (Batc  (None, 64)               256       \n",
      " hNormalization)                                                 \n",
      "                                                                 \n",
      " dropout_4 (Dropout)         (None, 64)                0         \n",
      "                                                                 \n",
      " dense_9 (Dense)             (None, 32)                2080      \n",
      "                                                                 \n",
      " batch_normalization_7 (Batc  (None, 32)               128       \n",
      " hNormalization)                                                 \n",
      "                                                                 \n",
      " dropout_5 (Dropout)         (None, 32)                0         \n",
      "                                                                 \n",
      " dense_10 (Dense)            (None, 16)                528       \n",
      "                                                                 \n",
      " batch_normalization_8 (Batc  (None, 16)               64        \n",
      " hNormalization)                                                 \n",
      "                                                                 \n",
      " dense_11 (Dense)            (None, 1)                 17        \n",
      "                                                                 \n",
      "=================================================================\n",
      "Total params: 3,841\n",
      "Trainable params: 3,617\n",
      "Non-trainable params: 224\n",
      "_________________________________________________________________\n",
      "Epoch 1/100\n",
      "157/157 [==============================] - 1s 3ms/step - loss: 0.6770 - accuracy: 0.6134 - val_loss: 0.5597 - val_accuracy: 0.7347\n",
      "Epoch 2/100\n",
      "157/157 [==============================] - 0s 2ms/step - loss: 0.5230 - accuracy: 0.7567 - val_loss: 0.5123 - val_accuracy: 0.7490\n",
      "Epoch 3/100\n",
      "157/157 [==============================] - 0s 2ms/step - loss: 0.4953 - accuracy: 0.7678 - val_loss: 0.4959 - val_accuracy: 0.7506\n",
      "Epoch 4/100\n",
      "157/157 [==============================] - 0s 2ms/step - loss: 0.4736 - accuracy: 0.7828 - val_loss: 0.4921 - val_accuracy: 0.7562\n",
      "Epoch 5/100\n",
      "157/157 [==============================] - 0s 2ms/step - loss: 0.4679 - accuracy: 0.7750 - val_loss: 0.4935 - val_accuracy: 0.7538\n",
      "Epoch 6/100\n",
      "157/157 [==============================] - 0s 2ms/step - loss: 0.4638 - accuracy: 0.7792 - val_loss: 0.4896 - val_accuracy: 0.7530\n",
      "Epoch 7/100\n",
      "157/157 [==============================] - 0s 2ms/step - loss: 0.4552 - accuracy: 0.7842 - val_loss: 0.4852 - val_accuracy: 0.7562\n",
      "Epoch 8/100\n",
      "157/157 [==============================] - 0s 2ms/step - loss: 0.4509 - accuracy: 0.7818 - val_loss: 0.4852 - val_accuracy: 0.7546\n",
      "Epoch 9/100\n",
      "157/157 [==============================] - 0s 2ms/step - loss: 0.4493 - accuracy: 0.7824 - val_loss: 0.4802 - val_accuracy: 0.7546\n",
      "Epoch 10/100\n",
      "157/157 [==============================] - 0s 2ms/step - loss: 0.4468 - accuracy: 0.7880 - val_loss: 0.4777 - val_accuracy: 0.7506\n",
      "Epoch 11/100\n",
      "157/157 [==============================] - 0s 2ms/step - loss: 0.4463 - accuracy: 0.7854 - val_loss: 0.4741 - val_accuracy: 0.7546\n",
      "Epoch 12/100\n",
      "157/157 [==============================] - 0s 2ms/step - loss: 0.4416 - accuracy: 0.7892 - val_loss: 0.4786 - val_accuracy: 0.7466\n",
      "Epoch 13/100\n",
      "157/157 [==============================] - 0s 2ms/step - loss: 0.4414 - accuracy: 0.7852 - val_loss: 0.4745 - val_accuracy: 0.7466\n",
      "Epoch 14/100\n",
      "157/157 [==============================] - 0s 2ms/step - loss: 0.4372 - accuracy: 0.7945 - val_loss: 0.4756 - val_accuracy: 0.7498\n",
      "Epoch 15/100\n",
      "157/157 [==============================] - 0s 2ms/step - loss: 0.4398 - accuracy: 0.7836 - val_loss: 0.4712 - val_accuracy: 0.7474\n",
      "Epoch 16/100\n",
      "157/157 [==============================] - 0s 2ms/step - loss: 0.4322 - accuracy: 0.7858 - val_loss: 0.4725 - val_accuracy: 0.7530\n",
      "Epoch 17/100\n",
      "157/157 [==============================] - 0s 2ms/step - loss: 0.4323 - accuracy: 0.7872 - val_loss: 0.4746 - val_accuracy: 0.7482\n",
      "Epoch 18/100\n",
      "157/157 [==============================] - 0s 2ms/step - loss: 0.4327 - accuracy: 0.7917 - val_loss: 0.4710 - val_accuracy: 0.7522\n",
      "Epoch 19/100\n",
      "157/157 [==============================] - 0s 2ms/step - loss: 0.4334 - accuracy: 0.7898 - val_loss: 0.4712 - val_accuracy: 0.7466\n",
      "Epoch 20/100\n",
      "157/157 [==============================] - 0s 2ms/step - loss: 0.4297 - accuracy: 0.7846 - val_loss: 0.4727 - val_accuracy: 0.7482\n",
      "Epoch 21/100\n",
      "157/157 [==============================] - 0s 2ms/step - loss: 0.4340 - accuracy: 0.7856 - val_loss: 0.4680 - val_accuracy: 0.7466\n",
      "Epoch 22/100\n",
      "157/157 [==============================] - 0s 2ms/step - loss: 0.4271 - accuracy: 0.7878 - val_loss: 0.4665 - val_accuracy: 0.7514\n",
      "Epoch 23/100\n",
      "157/157 [==============================] - 0s 2ms/step - loss: 0.4289 - accuracy: 0.7896 - val_loss: 0.4689 - val_accuracy: 0.7458\n",
      "Epoch 24/100\n",
      "157/157 [==============================] - 0s 2ms/step - loss: 0.4253 - accuracy: 0.7933 - val_loss: 0.4661 - val_accuracy: 0.7514\n",
      "Epoch 25/100\n",
      "157/157 [==============================] - 0s 2ms/step - loss: 0.4319 - accuracy: 0.7880 - val_loss: 0.4688 - val_accuracy: 0.7434\n",
      "Epoch 26/100\n",
      "157/157 [==============================] - 0s 2ms/step - loss: 0.4309 - accuracy: 0.7886 - val_loss: 0.4687 - val_accuracy: 0.7442\n",
      "Epoch 27/100\n",
      "157/157 [==============================] - 0s 2ms/step - loss: 0.4257 - accuracy: 0.7888 - val_loss: 0.4690 - val_accuracy: 0.7418\n",
      "Epoch 28/100\n",
      "157/157 [==============================] - 0s 2ms/step - loss: 0.4247 - accuracy: 0.7882 - val_loss: 0.4650 - val_accuracy: 0.7442\n",
      "Epoch 29/100\n",
      "157/157 [==============================] - 0s 2ms/step - loss: 0.4242 - accuracy: 0.7860 - val_loss: 0.4696 - val_accuracy: 0.7458\n",
      "Epoch 30/100\n",
      "157/157 [==============================] - 0s 2ms/step - loss: 0.4268 - accuracy: 0.7967 - val_loss: 0.4732 - val_accuracy: 0.7466\n",
      "Epoch 31/100\n",
      "157/157 [==============================] - 0s 2ms/step - loss: 0.4280 - accuracy: 0.7906 - val_loss: 0.4673 - val_accuracy: 0.7434\n",
      "Epoch 32/100\n",
      "157/157 [==============================] - 0s 2ms/step - loss: 0.4264 - accuracy: 0.7870 - val_loss: 0.4650 - val_accuracy: 0.7466\n",
      "Epoch 33/100\n",
      "157/157 [==============================] - 0s 2ms/step - loss: 0.4244 - accuracy: 0.7870 - val_loss: 0.4651 - val_accuracy: 0.7458\n",
      "Epoch 34/100\n",
      "157/157 [==============================] - 0s 2ms/step - loss: 0.4262 - accuracy: 0.7896 - val_loss: 0.4647 - val_accuracy: 0.7426\n",
      "Epoch 35/100\n",
      "157/157 [==============================] - 0s 2ms/step - loss: 0.4261 - accuracy: 0.7836 - val_loss: 0.4638 - val_accuracy: 0.7410\n",
      "Epoch 36/100\n",
      "157/157 [==============================] - 0s 2ms/step - loss: 0.4214 - accuracy: 0.7953 - val_loss: 0.4657 - val_accuracy: 0.7506\n",
      "Epoch 37/100\n",
      "157/157 [==============================] - 0s 2ms/step - loss: 0.4198 - accuracy: 0.7941 - val_loss: 0.4650 - val_accuracy: 0.7474\n",
      "Epoch 38/100\n",
      "157/157 [==============================] - 0s 3ms/step - loss: 0.4253 - accuracy: 0.7917 - val_loss: 0.4652 - val_accuracy: 0.7418\n",
      "Epoch 39/100\n",
      "157/157 [==============================] - 0s 2ms/step - loss: 0.4243 - accuracy: 0.7896 - val_loss: 0.4680 - val_accuracy: 0.7442\n",
      "Epoch 40/100\n",
      "157/157 [==============================] - 0s 2ms/step - loss: 0.4200 - accuracy: 0.7910 - val_loss: 0.4660 - val_accuracy: 0.7458\n",
      "Epoch 41/100\n",
      "157/157 [==============================] - 0s 2ms/step - loss: 0.4169 - accuracy: 0.7937 - val_loss: 0.4651 - val_accuracy: 0.7426\n",
      "Epoch 42/100\n",
